post_0_0_conv_yuv2rgb             1074049024
post_0_1_crop                     1074509824
input                             1074585088
323                               1074735616
324                               1075538432
327                               1075739136
330                               1075939840
505                               1076140544
508                               1076943360
336                               1077746176
339                               1078548992
342                               1078749696
517                               1078950400
346                               1079753216
349                               1080556032
352                               1080756736
526                               1080957440
356                               1081760256
359                               1082563072
362                               1082964480
535                               1083064832
538                               1083466240
368                               1083867648
371                               1084269056
374                               1084369408
547                               1084469760
378                               1084871168
381                               1085272576
384                               1085372928
556                               1085473280
388                               1085874688
391                               1086276096
394                               1086376448
565                               1086476800
398                               1086878208
401                               1087279616
404                               1087480320
574                               1087530496
577                               1087731200
410                               1087931904
413                               1088132608
416                               1088182784
586                               1088232960
420                               1088433664
423                               1088634368
426                               1088684544
595                               1088734720
430                               1088935424
433                               1089136128
436                               1089186304
604                               1089236480
440                               1089437184
443                               1089637888
446                               1089688064
613                               1089738240
450                               1089938944
453                               1090139648
456                               1090189824
622                               1090240000
460                               1090440704
463                               1090641408
466                               1090741760
631                               1090766848
634                               1090867200
472                               1090967552
475                               1091067904
478                               1091092992
643                               1091118080
482                               1091218432
485                               1091318784
488                               1091343872
652                               1091368960
492                               1091469312
493                               1091569664
output                            1091571712
