post_0_0_conv_yuv2rgb             1074049024
post_0_1_resize_hwc               1074509824
input1                            1074769408
77                                1075288576
78                                1078057472
81                                1078749696
82                                1080134144
85                                1080480256
86                                1081172480
89                                1081345536
90                                1081691648
94                                1081778176
97                                1081821440
121                               1081907968
124                               1081994496
127                               1082167552
130                               1082210816
135                               1082297344
141                               1082318976
144                               1082578560
output1                           1082751616
output2                           1082794712
post_0_0_transpose                1082967092
post_1_0_transpose                1083010188
