post_0_0_conv_yuv2rgb             1074049024
post_0_1_crop                     1074509824
post_0_2_resize_hwc               1074970624
input                             1075045888
125                               1075196416
126                               1075999232
129                               1076199936
198                               1076400640
133                               1076601344
136                               1076802048
204                               1077002752
140                               1077203456
143                               1077404160
210                               1077504512
213                               1077604864
149                               1077705216
152                               1077805568
219                               1077905920
156                               1078006272
159                               1078106624
225                               1078156800
228                               1078206976
165                               1078257152
168                               1078307328
234                               1078357504
172                               1078407680
175                               1078457856
240                               1078482944
243                               1078508032
181                               1078533120
184                               1078558208
249                               1078583296
188                               1078608384
189                               1078633472
output                            1078633984
