post_0_0_resize_hwc               1074202624
input1                            1074462208
447                               1074981376
450                               1080519168
453                               1083288064
456                               1084672512
457                               1087441408
460                               1090210304
463                               1091594752
466                               1092286976
467                               1093671424
470                               1095055872
473                               1095748096
474                               1097132544
477                               1098516992
480                               1099209216
483                               1099555328
484                               1100247552
487                               1100939776
490                               1101285888
491                               1101978112
494                               1102670336
497                               1103016448
498                               1103708672
501                               1104400896
504                               1104747008
505                               1105439232
508                               1106131456
511                               1106477568
512                               1107169792
515                               1107862016
518                               1108208128
519                               1108900352
522                               1109592576
525                               1109938688
526                               1110630912
529                               1111323136
532                               1111669248
536                               1112361472
539                               1112707584
542                               1112880640
543                               1113226752
546                               1113572864
549                               1113745920
550                               1114092032
553                               1114438144
556                               1114611200
557                               1114957312
560                               1115303424
563                               1115476480
564                               1115822592
567                               1116168704
570                               1116341760
571                               1116687872
574                               1117033984
577                               1117207040
578                               1117553152
581                               1117899264
584                               1118072320
585                               1118418432
588                               1118764544
591                               1118937600
595                               1119283712
598                               1119456768
601                               1119543296
602                               1119716352
605                               1119889408
608                               1119975936
609                               1120148992
612                               1120322048
615                               1120408576
616                               1120581632
619                               1120754688
622                               1120841216
623                               1121014272
626                               1121187328
629                               1121273856
632                               1121446912
635                               1121533440
638                               1121706496
641                               1121793024
646                               1121966080
652                               1122009344
655                               1122528512
658                               1122701568
661                               1123047680
664                               1123220736
667                               1123566848
670                               1123739904
675                               1124086016
681                               1124172544
684                               1125210880
687                               1125556992
690                               1126249216
693                               1126595328
696                               1127287552
699                               1127633664
output1                           1128325888
output2                           1128329438
output3                           1128343634
post_0_0_transpose                1128400418
post_1_0_transpose                1128403968
post_2_0_transpose                1128418164
