post_0_0_conv_yuv2rgb             1138589696
post_0_1_resize_hwc               1139050496
input1                            1139310080
77                                1139829248
78                                1142598144
81                                1143290368
82                                1144674816
85                                1145020928
86                                1145713152
89                                1145886208
90                                1146232320
94                                1146318848
97                                1146362112
121                               1146448640
124                               1146535168
127                               1146708224
130                               1146751488
135                               1146838016
141                               1146859648
144                               1147119232
output1                           1147292288
output2                           1147295330
post_0_0_transpose                1147307498
post_1_0_transpose                1147310540
