post_0_0_conv_yuv2rgb             1074049024
post_0_1_resize_hwc               1074509824
input1                            1074769408
447                               1075288576
450                               1080826368
453                               1083595264
456                               1084979712
457                               1087748608
460                               1090517504
463                               1091901952
466                               1092594176
467                               1093978624
470                               1095363072
473                               1096055296
474                               1097439744
477                               1098824192
480                               1099516416
483                               1099862528
484                               1100554752
487                               1101246976
490                               1101593088
491                               1102285312
494                               1102977536
497                               1103323648
498                               1104015872
501                               1104708096
504                               1105054208
505                               1105746432
508                               1106438656
511                               1106784768
512                               1107476992
515                               1108169216
518                               1108515328
519                               1109207552
522                               1109899776
525                               1110245888
526                               1110938112
529                               1111630336
532                               1111976448
536                               1112668672
539                               1113014784
542                               1113187840
543                               1113533952
546                               1113880064
549                               1114053120
550                               1114399232
553                               1114745344
556                               1114918400
557                               1115264512
560                               1115610624
563                               1115783680
564                               1116129792
567                               1116475904
570                               1116648960
571                               1116995072
574                               1117341184
577                               1117514240
578                               1117860352
581                               1118206464
584                               1118379520
585                               1118725632
588                               1119071744
591                               1119244800
595                               1119590912
598                               1119763968
601                               1119850496
602                               1120023552
605                               1120196608
608                               1120283136
609                               1120456192
612                               1120629248
615                               1120715776
616                               1120888832
619                               1121061888
622                               1121148416
623                               1121321472
626                               1121494528
629                               1121581056
632                               1121754112
635                               1121840640
638                               1122013696
641                               1122100224
646                               1122273280
652                               1122316544
655                               1122835712
658                               1123008768
661                               1123354880
664                               1123527936
667                               1123874048
670                               1124047104
675                               1124393216
681                               1124479744
684                               1125518080
687                               1125864192
690                               1126556416
693                               1126902528
696                               1127594752
699                               1127940864
output1                           1128633088
output2                           1128636638
output3                           1128650834
post_0_0_transpose                1128707618
post_1_0_transpose                1128711168
post_2_0_transpose                1128725364
