input                             1073817088
323                               1073967616
324                               1074770432
327                               1074971136
330                               1075171840
505                               1075372544
508                               1076175360
336                               1076978176
339                               1077780992
342                               1077981696
517                               1078182400
346                               1078985216
349                               1079788032
352                               1079988736
526                               1080189440
356                               1080992256
359                               1081795072
362                               1082196480
535                               1082296832
538                               1082698240
368                               1083099648
371                               1083501056
374                               1083601408
547                               1083701760
378                               1084103168
381                               1084504576
384                               1084604928
556                               1084705280
388                               1085106688
391                               1085508096
394                               1085608448
565                               1085708800
398                               1086110208
401                               1086511616
404                               1086712320
574                               1086762496
577                               1086963200
410                               1087163904
413                               1087364608
416                               1087414784
586                               1087464960
420                               1087665664
423                               1087866368
426                               1087916544
595                               1087966720
430                               1088167424
433                               1088368128
436                               1088418304
604                               1088468480
440                               1088669184
443                               1088869888
446                               1088920064
613                               1088970240
450                               1089170944
453                               1089371648
456                               1089421824
622                               1089472000
460                               1089672704
463                               1089873408
466                               1089973760
631                               1089998848
634                               1090099200
472                               1090199552
475                               1090299904
478                               1090324992
643                               1090350080
482                               1090450432
485                               1090550784
488                               1090575872
652                               1090600960
492                               1090701312
493                               1090801664
output                            1090803712
