post_0_0_conv_yuv2rgb             1074049024
post_0_1_crop                     1074509824
post_0_2_resize_hwc               1074608128
input                             1074706432
323                               1074903040
324                               1075951616
327                               1076213760
330                               1076475904
530                               1076738048
533                               1077786624
336                               1078835200
339                               1079883776
342                               1080145920
542                               1080408064
346                               1081456640
349                               1082505216
352                               1082767360
551                               1083029504
356                               1084078080
359                               1085126656
362                               1085650944
560                               1085782016
563                               1086306304
368                               1086830592
371                               1087354880
374                               1087485952
572                               1087617024
378                               1088141312
381                               1088665600
384                               1088796672
581                               1088927744
388                               1089452032
391                               1089976320
394                               1090107392
590                               1090238464
398                               1090762752
401                               1091287040
404                               1091549184
599                               1091614720
602                               1091876864
410                               1092139008
413                               1092401152
416                               1092466688
611                               1092532224
420                               1092794368
423                               1093056512
426                               1093122048
620                               1093187584
430                               1093449728
433                               1093711872
436                               1093777408
629                               1093842944
440                               1094105088
443                               1094367232
446                               1094432768
638                               1094498304
450                               1094760448
453                               1095022592
456                               1095088128
647                               1095153664
460                               1095415808
463                               1095677952
466                               1095809024
656                               1095841792
659                               1095972864
472                               1096103936
475                               1096235008
478                               1096267776
668                               1096300544
482                               1096431616
485                               1096562688
488                               1096595456
677                               1096628224
492                               1096759296
493                               1096890368
output                            1096892416
